389
920
901
331
630
581
391
311
113
104
675
987
299
488
488
584
225
375
98
82
129
78
523
851
336
931
539
426
82
522
632
224
999
758
979
61
870
580
283
402
7
746
672
70
370
456
220
497
132
112
134
638
624
35
727
531
16
543
569
149
207
569
372
416
37
712
810
732
296
682
38
237
43
523
193
710
185
836
424
82
460
541
559
769
868
175
940
858
880
178
357
867
930
171
567
929
474
607
715
819
524
340
533
727
9
450
92
300
138
743
110
361
737
805
105
875
349
53
128
81
759
318
61
303
628
590
214
911
372
624
432
529
156
441
801
560
903
404
982
699
457
100
654
61
158
130
286
980
429
122
205
807
792
179
481
524
464
160
771
103
270
450
227
965
314
28
434
526
647
523
363
322
905
711
55
859
418
558
903
156
338
516
252
813
565
516
606
709
575
486
490
615
195
649
975
6
699
525
39
183
469
166
516
259
43
409
419
844
477
129
547
129
526
290
96
697
243
565
309
837
638
737
209
794
101
344
302
742
965
875
747
675
174
953
542
117
568
94
328
410
407
43
79
679
53
433
939
909
483
25
259
850
645
575
340
252
857
125
16
696
902
125
296
942
736
14
980
438
794
409
767
77
804
107
602
5
678
306
843
727
638
515
101
942
803
67
555
748
655
123
435
445
308
230
10
379
547
325
815
842
939
622
847
54
484
494
55
448
590
548
86
957
57
293
257
233
357
91
574
709
524
420
892
571
263
143
315
971
443
795
832
288
662
64
892
24
839
268
479
138
828
218
685
65
492
368
309
168
925
930
471
811
540
245
782
923
608
146
485
535
276
249
874
562
666
988
717
45
268
923
207
410
635
201
306
202
899
129
210
208
727
181
65
879
102
781
64
638
683
286
522
726
130
84
765
469
680
896
453
546
10
981
624
411
454
692
540
422
492
766
880
613
87
146
159
533
154
986
293
250
584
73
94
53
400
598
413
458
106
386
689
461
179
86
422
436
358
468
991
65
678
14
884
179
819
962
247
139
559
49
837
876
811
958
940
436
119
933
121
319
688
595
814
692
134
31
426
323
895
783
918
78
659
566
34
228
789
974
51
673
576
377
247
234
785
475
628
288
693
841
330
69
800
477
186
60
832
519
676
588
30
281
677
778
699
983
367
952
169
22
950
972
125
706
984
465
452
539
365
638
996
251
822
997
399
436
569
328
964
428
755
332
723
121
736
135
139
348
6
935
382
459
884
531
249
927
358
830
373
342
448
85
123
983
309
786
434
1
447
712
411
413
530
345
492
854
88
159
82
702
454
383
172
288
162
682
86
421
806
493
896
558
493
59
785
402
644
927
112
79
322
254
37
554
52
8
312
478
30
584
722
503
234
131
289
671
848
483
309
80
439
125
973
849
697
379
732
622
232
425
861
85
256
715
629
81
180
24
697
179
915
592
818
759
597
511
374
25
76
417
957
760
406
118
519
582
936
750
590
413
142
442
361
540
830
417
269
792
571
606
812
15
837
570
911
693
386
477
147
984
770
957
518
909
197
525
553
705
625
721
364
52
77
432
58
823
49
739
207
647
436
814
916
41
121
334
923
633
161
6
3
723
847
74
879
782
463
357
721
468
761
655
811
585
788
637
123
974
592
738
60
50
881
450
837
761
920
564
85
796
448
32
963
883
831
512
70
313
994
296
931
1
177
885
411
97
916
149
117
108
754
106
736
585
829
87
948
121
363
265
241
450
374
811
885
982
697
421
944
237
451
271
716
114
489
717
329
621
778
450
454
693
269
667
400
676
926
153
182
585
152
146
168
403
611
514
702
87
496
554
619
432
264
352
242
172
343
312
785
61
557
358
888
371
738
300
73
368
87
821
7
904
193
76
616
545
78
2
425
780
594
882
421
180
978
570
840
987
510
232
96
613
111
371
171
786
192
239
563
231
898
585
26
338
293
887
2
10
623
425
318
844
920
981
170
31
120
436
691
494
686
477
93
234
400
120
674
662
192
154
263
873
981
401
347
251
383
246
407
864
496
559
968
409
223
684
16
785
865
577
224
741
610
134
302
696
13
117
707
68
797
405
47
4
128
379
571
33
566
84
493
321
322
330
873
36
479
948
980
615
294
376
650
268
993
461
236
601
469
402
240
996
487
788
201
854
344
778
988
386
641
286
272
129
173
180
664
803
767
323
2
260
214
611
223
464
993
291
254
77
762
867
17
495
585
117
829
230
912
253
433
134
673
864
598
776
378
39
624
342
763
918
519
309
151
397
491
765
962
795
